#COMMAND lkcombu -M A -idl . -osm mat.dat -fsm D
#START_DATE Apr 26,2013 12:5:42
#END_DATE   Apr 26,2013 12:5:45
30
.~lock.mat.dat#          0.000    1.000    1.000    1.000    1.000    1.000    1.000    1.000    1.000    1.000    1.000    1.000    1.000    1.000    1.000    1.000    1.000    1.000    1.000    1.000    1.000    1.000    1.000    1.000    1.000    1.000    1.000    1.000    1.000    1.000
234551_215026362.mol     1.000    0.000    0.889    0.814    0.862    0.823    0.776    0.887    0.859    0.895    0.844    0.850    0.900    0.828    0.865    0.794    0.844    0.800    0.868    0.889    0.661    0.870    0.821    0.797    0.828    0.881    0.881    0.902    0.778    0.846
737004_9846975.mol       1.000    0.889    0.000    0.838    0.880    0.863    0.821    0.928    0.831    0.907    0.900    0.903    0.923    0.867    0.854    0.805    0.900    0.810    0.885    0.902    0.880    0.872    0.797    0.808    0.896    0.921    0.851    0.925    0.840    0.836
A216546_J1.012.527H.mol     1.000    0.814    0.838    0.000    0.825    0.900    0.370    0.875    0.800    0.884    0.829    0.836    0.890    0.903    0.833    0.729    0.861    0.738    0.833    0.877    0.866    0.824    0.737    0.733    0.847    0.907    0.885    0.893    0.772    0.828
ACT132577_25027753.mol     1.000    0.862    0.880    0.825    0.000    0.787    0.821    0.765    0.787    0.764    0.877    0.899    0.780    0.796    0.828    0.800    0.894    0.807    0.152    0.769    0.883    0.855    0.811    0.804    0.843    0.910    0.843    0.787    0.849    0.820
Ambrisentan_CID_6918493.sdf     1.000    0.823    0.863    0.900    0.787    0.000    0.898    0.893    0.880    0.864    0.857    0.864    0.908    0.188    0.883    0.898    0.839    0.804    0.800    0.855    0.821    0.906    0.893    0.900    0.840    0.933    0.840    0.894    0.776    0.863
Atrasentan_CID_159594.sdf     1.000    0.776    0.821    0.370    0.821    0.898    0.000    0.873    0.750    0.882    0.843    0.865    0.857    0.902    0.794    0.520    0.875    0.538    0.831    0.875    0.864    0.821    0.521    0.529    0.845    0.918    0.883    0.861    0.810    0.759
Avosentan_CID_9912992.sdf     1.000    0.887    0.928    0.875    0.765    0.893    0.873    0.000    0.735    0.378    0.917    0.920    0.209    0.897    0.763    0.873    0.917    0.877    0.778    0.532    0.857    0.774    0.867    0.875    0.792    0.938    0.792    0.244    0.706    0.694
BMS193884_CID_9843631.sdf     1.000    0.859    0.831    0.800    0.787    0.880    0.750    0.735    0.000    0.736    0.875    0.881    0.776    0.885    0.366    0.725    0.875    0.759    0.800    0.855    0.881    0.571    0.760    0.731    0.682    0.909    0.651    0.783    0.605    0.432
Bosentan_CID_104865.sdf     1.000    0.895    0.907    0.884    0.764    0.864    0.882    0.378    0.736    0.000    0.922    0.925    0.423    0.905    0.781    0.882    0.922    0.886    0.776    0.426    0.868    0.791    0.877    0.884    0.789    0.941    0.789    0.385    0.732    0.722
BQ123_CID_16219006.sdf     1.000    0.844    0.900    0.829    0.877    0.857    0.843    0.917    0.875    0.922    0.000    0.736    0.913    0.862    0.893    0.890    0.508    0.847    0.882    0.903    0.877    0.897    0.886    0.892    0.896    0.526    0.896    0.915    0.831    0.896
BQ788_CID_23693553.sdf     1.000    0.850    0.903    0.836    0.899    0.864    0.865    0.920    0.881    0.925    0.736    0.000    0.916    0.868    0.897    0.895    0.718    0.853    0.903    0.907    0.882    0.901    0.890    0.896    0.900    0.802    0.900    0.918    0.838    0.884
ClazosentanSodium_CID_46174076.sdf     1.000    0.900    0.923    0.890    0.780    0.908    0.857    0.209    0.776    0.423    0.913    0.916    0.000    0.910    0.794    0.889    0.913    0.892    0.790    0.607    0.875    0.803    0.884    0.890    0.823    0.933    0.823    0.128    0.750    0.741
Darusentan_CID_177236.sdf     1.000    0.828    0.867    0.903    0.796    0.188    0.902    0.897    0.885    0.905    0.862    0.868    0.910    0.000    0.887    0.902    0.844    0.810    0.808    0.860    0.828    0.909    0.897    0.903    0.846    0.935    0.846    0.897    0.784    0.889
EdonentanHydrate_137948.mol     1.000    0.865    0.854    0.833    0.828    0.883    0.794    0.763    0.366    0.781    0.893    0.897    0.794    0.887    0.000    0.754    0.893    0.781    0.836    0.879    0.884    0.579    0.783    0.758    0.789    0.885    0.768    0.800    0.660    0.532
Enrasentan_CID_178103.sdf     1.000    0.794    0.805    0.729    0.800    0.898    0.520    0.873    0.725    0.882    0.890    0.895    0.889    0.902    0.754    0.000    0.890    0.417    0.810    0.875    0.864    0.821    0.225    0.026    0.845    0.918    0.883    0.892    0.810    0.759
FR139317_CID_107810.sdf     1.000    0.844    0.900    0.861    0.894    0.839    0.875    0.917    0.875    0.922    0.508    0.718    0.913    0.844    0.893    0.890    0.000    0.847    0.882    0.903    0.877    0.897    0.886    0.892    0.896    0.651    0.896    0.915    0.831    0.879
J104132_CID_3047752.sdf     1.000    0.800    0.810    0.738    0.807    0.804    0.538    0.877    0.759    0.886    0.847    0.853    0.892    0.810    0.781    0.417    0.847    0.000    0.817    0.879    0.797    0.826    0.510    0.429    0.850    0.885    0.869    0.895    0.709    0.768
Macitentan_CID_16004692.sdf     1.000    0.868    0.885    0.833    0.152    0.800    0.831    0.778    0.800    0.776    0.882    0.903    0.790    0.808    0.836    0.810    0.882    0.817    0.000    0.782    0.889    0.862    0.821    0.814    0.852    0.913    0.852    0.797    0.857    0.830
Nebentan_CID_9957262.sdf     1.000    0.889    0.902    0.877    0.769    0.855    0.875    0.532    0.855    0.426    0.903    0.907    0.607    0.860    0.879    0.875    0.903    0.879    0.782    0.000    0.859    0.915    0.869    0.877    0.860    0.938    0.860    0.621    0.825    0.818
PD156707_8047282.mol     1.000    0.661    0.880    0.866    0.883    0.821    0.864    0.857    0.881    0.868    0.877    0.882    0.875    0.828    0.884    0.864    0.877    0.797    0.889    0.859    0.000    0.904    0.857    0.866    0.786    0.907    0.847    0.878    0.814    0.885
PS433540_J2.228.316B.mol     1.000    0.870    0.872    0.824    0.855    0.906    0.821    0.774    0.571    0.791    0.897    0.901    0.803    0.909    0.579    0.821    0.897    0.826    0.862    0.915    0.904    0.000    0.812    0.824    0.800    0.922    0.780    0.808    0.655    0.667
S1255_J1.479.498K.mol     1.000    0.821    0.797    0.737    0.811    0.893    0.521    0.867    0.760    0.877    0.886    0.890    0.884    0.897    0.783    0.225    0.886    0.510    0.821    0.869    0.857    0.812    0.000    0.244    0.836    0.915    0.877    0.887    0.800    0.769
SB209670_97114.mol       1.000    0.797    0.808    0.733    0.804    0.900    0.529    0.875    0.731    0.884    0.892    0.896    0.890    0.903    0.758    0.026    0.892    0.429    0.814    0.877    0.866    0.824    0.244    0.000    0.847    0.918    0.885    0.893    0.814    0.764
SitaxentanSodium_CID_46174111.sdf     1.000    0.828    0.896    0.847    0.843    0.840    0.845    0.792    0.682    0.789    0.896    0.900    0.823    0.846    0.789    0.845    0.896    0.850    0.852    0.860    0.786    0.800    0.836    0.847    0.000    0.923    0.605    0.828    0.808    0.800
TAK044_CID_123882.sdf     1.000    0.881    0.921    0.907    0.910    0.933    0.918    0.938    0.909    0.941    0.526    0.802    0.933    0.935    0.885    0.918    0.651    0.885    0.913    0.938    0.907    0.922    0.915    0.918    0.923    0.000    0.923    0.934    0.913    0.911
TBC3711_CID_9911482.sdf     1.000    0.881    0.851    0.885    0.843    0.840    0.883    0.792    0.651    0.789    0.896    0.900    0.823    0.846    0.768    0.883    0.896    0.869    0.852    0.860    0.847    0.780    0.877    0.885    0.605    0.923    0.000    0.828    0.808    0.800
TezosentanDisodium_2D_CID_9939443.sdf     1.000    0.902    0.925    0.893    0.787    0.894    0.861    0.244    0.783    0.385    0.915    0.918    0.128    0.897    0.800    0.892    0.915    0.895    0.797    0.621    0.878    0.808    0.887    0.893    0.828    0.934    0.828    0.000    0.758    0.750
ZD1611_J1.178.588C.mol     1.000    0.778    0.840    0.772    0.849    0.776    0.810    0.706    0.605    0.732    0.831    0.838    0.750    0.784    0.660    0.810    0.831    0.709    0.857    0.825    0.814    0.655    0.800    0.814    0.808    0.913    0.808    0.758    0.000    0.324
Zibotentan_CID_9910224.sdf     1.000    0.846    0.836    0.828    0.820    0.863    0.759    0.694    0.432    0.722    0.896    0.884    0.741    0.889    0.532    0.759    0.879    0.768    0.830    0.818    0.885    0.667    0.769    0.764    0.800    0.911    0.800    0.750    0.324    0.000
